0:0,-3,0:0,-2,0:0,-1,0
1:-1,12,0:0,12,0:1,12,0:1,13,0:0,13,0:-1,13,0
[0,-3,0]
0,-1,0,0|||uid://cv55nv1c2sbiq
[0,-2,0]
0,-1,0,-1|||uid://cv55nv1c2sbiq
[0,-1,0]
0,1,0,-1|||uid://cv55nv1c2sbiq
[0,0,0]
1,1,1,1|||
[-2,0,0]
-1,0,-1,0|||
[-3,0,0]
-1,-1,0,0|||
[-3,1,0]
0,-1,0,-1|||
[-3,2,0]
0,-1,0,-1|||
[-3,3,0]
0,0,-1,-1|||
[-4,3,0]
-1,0,-1,0|||
[-4,8,0]
-1,0,0,-1|||
[-3,8,0]
-1,0,-1,0|||
[-2,8,0]
0,-1,-1,0|||
[-2,9,0]
0,-1,0,-1|||
[-2,10,0]
0,-1,0,-1|||
[-2,11,0]
-1,0,0,-1|||
[1,6,0]
0,0,-1,-1|||
[1,5,0]
0,-1,0,-1|||
[1,4,0]
0,-1,-1,0|||
[0,3,0]
0,-1,0,-1|||
[0,2,0]
0,-1,0,-1|||
[0,1,0]
0,-1,0,-1|||
[2,11,0]
0,0,-1,-1|||
[2,10,0]
-1,-1,0,0|||
[3,10,0]
-1,0,-1,0|||
[3,2,0]
0,-1,0,-1|||
[3,1,0]
0,-1,0,-1|||
[2,0,0]
-1,0,-1,0|||
[1,0,0]
-1,0,1,0|||
[-1,0,0]
1,0,-1,0|||
[0,11,0]
1,1,1,1|||uid://dd1iwb8gwt5pf
[0,9,0]
0,-1,0,-1|||
[0,10,0]
0,1,0,-1|||
[0,4,0]
-1,0,0,-1|||
[0,6,0]
-1,-1,0,0|||
[0,7,0]
0,-1,0,-1|||
[0,8,0]
0,-1,0,-1|||
[3,0,0]
0,-1,-1,0|||
[3,3,0]
0,-1,0,-1|||
[3,4,0]
-1,0,0,-1|||
[4,4,0]
0,-1,-1,0|||
[4,10,0]
0,0,-1,-1|||
[-1,11,0]
1,0,-1,0|||
[1,11,0]
-1,0,1,0|||
[-1,12,0]
-1,-1,0,0|||uid://bi8foj4kvc2ub
[0,12,0]
-1,-1,-1,1|||uid://bi8foj4kvc2ub
[1,12,0]
0,-1,-1,0|||uid://bi8foj4kvc2ub
[-1,13,0]
-1,0,0,-1|||uid://bi8foj4kvc2ub
[0,13,0]
-1,0,-1,-1|||uid://bi8foj4kvc2ub
[1,13,0]
0,0,-1,-1|||uid://bi8foj4kvc2ub
[-6,3,0]
-1,-1,0,0|||
[-5,3,0]
-1,0,-1,0|||
[-6,4,0]
0,-1,0,-1|||
[-6,5,0]
-1,0,0,-1|||
[-5,5,0]
0,-1,-1,0|||
[-5,6,0]
-1,0,0,-1|||
[-4,6,0]
0,-1,-1,0|||
[-4,7,0]
0,-1,0,-1|||
[4,5,0]
-1,0,0,-1|||
[5,5,0]
-1,0,-1,0|||
[6,5,0]
0,-1,-1,0|||
[6,6,0]
0,-1,0,-1|||
[6,7,0]
0,0,-1,-1|||
[5,7,0]
-1,-1,0,0|||
[5,8,0]
0,0,-1,-1|||
[4,8,0]
-1,-1,0,0|||
[4,9,0]
0,-1,0,-1|||
